43829.5 3737.78
43830.5 2690.07
43831.5 2245.50
43832.5 2092.59
43833.5 2152.06
43834.5 2033.13
43835.5 1866.06
43836.5 1809.42
43837.5 1684.83
43838.5 1582.89
43839.5 1560.24
43840.5 1721.64
43841.5 1752.79
43842.5 1622.53
43843.5 1534.75
43844.5 1483.78
43845.5 1356.36
43846.5 1177.96
43847.5 1288.40
43848.5 1364.85
43849.5 1183.63
43850.5 1093.01
43851.5 1087.35
43852.5 1101.51
43853.5 1228.93
43854.5 2200.19
43855.5 1917.03
43856.5 1565.90
43857.5 1294.06
43858.5 1146.82
43859.5 1090.18
43860.5 1115.67
43861.5 1126.99
43862.5 1093.01
43863.5 1073.19
43864.5 1098.68
43865.5 1384.68
43866.5 1871.72
43867.5 1849.07
43868.5 1444.14
43869.5 1285.57
43870.5 1492.28
43871.5 1721.64
43872.5 2234.17
43873.5 2409.74
43874.5 1809.42
43875.5 1520.60
43876.5 1469.63
43877.5 1370.52
43878.5 1367.69
43879.5 1268.58
43880.5 1175.13
43881.5 1118.50
43882.5 1101.51
43883.5 1084.52
43884.5 1081.69
43885.5 1132.66
43886.5 2112.41
43887.5 2132.23
43888.5 1622.53
43889.5 1288.40
43890.5 1155.31
43891.5 1175.13
43892.5 1512.10
43893.5 1308.22
43894.5 1158.14
43895.5 1177.96
43896.5 1129.83
43897.5 1073.19
43898.5 1042.05
43899.5 1016.56
43900.5 993.91
43901.5 1163.81
43902.5 1401.67
43903.5 1132.66
43904.5 1027.89
43905.5 1081.69
43906.5 1135.49
43907.5 1877.38
43908.5 2259.66
43909.5 1713.15
43910.5 1311.05
43911.5 1458.30
43912.5 5351.83
43913.5 3454.62
43914.5 2372.92
43915.5 1956.67
43916.5 1764.12
43917.5 3029.87
43918.5 3567.88
43919.5 2650.43
43920.5 2171.88
43921.5 1996.31
43922.5 2092.59
43923.5 2160.55
43924.5 1936.85
43925.5 1809.42
43926.5 1690.49
43927.5 1642.36
43928.5 1979.32
43929.5 2692.90
43930.5 2115.24
43931.5 1783.94
43932.5 2888.29
43933.5 5436.78
43934.5 3482.93
43935.5 2582.47
43936.5 2197.36
43937.5 2859.97
43938.5 2888.29
43939.5 2384.25
43940.5 2237.00
43941.5 2500.35
43942.5 2154.89
43943.5 2293.64
43944.5 2455.04
43945.5 2242.67
43946.5 2794.84
43947.5 2596.63
43948.5 2242.67
43949.5 2358.77
43950.5 5068.66
43951.5 4643.91
43952.5 3143.14
43953.5 2571.14
43954.5 2285.14
43955.5 2163.38
43956.5 2350.27
43957.5 2183.20
43958.5 2806.17
43959.5 2418.23
43960.5 2115.24
43961.5 1984.99
43962.5 1840.57
43963.5 1769.78
43964.5 1849.07
43965.5 2157.72
43966.5 1945.34
43967.5 1769.78
43968.5 1639.52
43969.5 1514.93
43970.5 1412.99
43971.5 1302.56
43972.5 1441.31
43973.5 1860.39
43974.5 1577.23
43975.5 1347.86
43976.5 1200.62
43977.5 1135.49
43978.5 1248.76
43979.5 1186.46
43980.5 1030.72
43981.5 928.78
43982.5 906.13
43983.5 908.96
43984.5 863.65
43985.5 815.51
43986.5 843.83
43987.5 866.48
43988.5 790.03
43989.5 730.56
43990.5 682.42
43991.5 993.91
43992.5 1633.86
43993.5 1070.36
43994.5 792.86
43995.5 688.09
43996.5 654.11
43997.5 614.46
43998.5 603.14
43999.5 583.32
44000.5 560.66
44001.5 538.01
44002.5 518.19
44003.5 495.54
44004.5 489.87
44005.5 481.38
44006.5 588.98
44007.5 648.44
44008.5 809.85
44009.5 608.80
44010.5 656.94
44011.5 1022.22
44012.5 1175.13
44013.5 841.00
44014.5 642.78
44015.5 549.34
44016.5 489.87
44017.5 441.73
44018.5 419.08
44019.5 402.09
44020.5 373.77
44021.5 376.61
44022.5 353.95
44023.5 311.48
44024.5 351.12
44025.5 356.78
44026.5 308.65
44027.5 450.23
44028.5 427.58
44029.5 328.47
44030.5 274.38
44031.5 251.73
44032.5 243.23
44033.5 242.67
44034.5 232.19
44035.5 222.56
44036.5 209.54
44037.5 178.11
44038.5 169.33
44039.5 166.21
44040.5 157.72
44041.5 156.02
44042.5 156.59
44043.5 150.92
44044.5 148.94
44045.5 145.83
44046.5 184.90
44047.5 175.84
44048.5 151.77
44049.5 143.84
44050.5 141.58
44051.5 138.46
44052.5 133.08
44053.5 127.99
44054.5 142.71
44055.5 143.56
44056.5 130.82
44057.5 138.18
44058.5 170.18
44059.5 172.73
44060.5 158.00
44061.5 147.24
44062.5 134.78
44063.5 128.84
44064.5 124.02
44065.5 120.62
44066.5 118.92
44067.5 116.09
44068.5 109.58
44069.5 116.09
44070.5 119.21
44071.5 126.57
44072.5 119.21
44073.5 112.98
44074.5 113.83
44075.5 125.72
44076.5 127.70
44077.5 117.79
44078.5 110.71
44079.5 104.77
44080.5 101.65
44081.5 99.39
44082.5 98.82
44083.5 99.39
44084.5 97.97
44085.5 95.14
44086.5 92.59
44087.5 88.06
44088.5 85.51
44089.5 83.25
44090.5 82.40
44091.5 80.13
44092.5 78.15
44093.5 76.73
44094.5 75.32
44095.5 72.77
44096.5 72.49
44097.5 72.20
44098.5 71.64
44099.5 71.35
44100.5 72.77
44101.5 72.49
44102.5 89.19
44103.5 86.08
44104.5 80.41
44105.5 74.75
44106.5 70.50
44107.5 73.90
44108.5 76.45
44109.5 75.32
44110.5 73.33
44111.5 70.50
44112.5 66.82
44113.5 66.54
44114.5 65.69
44115.5 137.90
44116.5 239.27
44117.5 172.73
44118.5 135.91
44119.5 705.08
44120.5 484.21
44121.5 308.65
44122.5 269.00
44123.5 253.15
44124.5 229.64
44125.5 199.06
44126.5 180.94
44127.5 154.89
44128.5 141.01
44129.5 137.33
44130.5 142.99
44131.5 288.82
44132.5 908.96
44133.5 682.42
44134.5 504.03
44135.5 781.53
44136.5 529.52
44137.5 385.10
44138.5 311.48
44139.5 281.18
44140.5 260.22
44141.5 250.60
44142.5 240.40
44143.5 235.59
44144.5 229.36
44145.5 275.80
44146.5 283.16
44147.5 291.66
44148.5 263.06
44149.5 441.73
44150.5 368.11
44151.5 297.32
44152.5 270.42
44153.5 258.81
44154.5 251.73
44155.5 244.65
44156.5 838.17
44157.5 1172.30
44158.5 671.10
44159.5 648.44
44160.5 739.06
44161.5 586.15
44162.5 492.70
44163.5 744.72
44164.5 8834.77
44165.5 4842.13
44166.5 2556.98
44167.5 1673.50
44168.5 3228.09
44169.5 6852.61
44170.5 3992.63
44171.5 2593.79
44172.5 1999.15
44173.5 1727.31
44174.5 1531.92
44175.5 1574.40
44176.5 2214.35
44177.5 1914.20
44178.5 1747.13
44179.5 1446.97
44180.5 1432.81
44181.5 1415.82
44182.5 1257.25
44183.5 1192.12
44184.5 1166.64
44185.5 1214.78
44186.5 1243.09
44187.5 1257.25
44188.5 6399.54
44189.5 8608.24
44190.5 4983.71
44191.5 3313.03
44192.5 2661.75
44193.5 2282.31
44194.5 2282.31
