43829.5 15715.70
43830.5 13365.42
43831.5 16678.46
43832.5 17726.17
43833.5 18292.51
43834.5 17527.96
43835.5 17018.26
43836.5 16848.36
43837.5 16140.45
43838.5 14894.52
43839.5 10307.23
43840.5 10562.08
43841.5 10080.70
43842.5 9627.63
43843.5 9032.98
43844.5 9004.67
43845.5 8778.13
43846.5 7390.62
43847.5 7872.00
43848.5 7475.57
43849.5 6569.44
43850.5 6088.06
43851.5 5804.89
43852.5 5266.88
43853.5 5946.48
43854.5 13988.39
43855.5 11100.09
43856.5 10930.19
43857.5 10392.18
43858.5 9627.63
43859.5 8834.77
43860.5 8523.29
43861.5 8041.90
43862.5 7333.99
43863.5 6767.66
43864.5 7475.57
43865.5 9401.10
43866.5 11468.21
43867.5 11241.68
43868.5 9769.21
43869.5 9542.68
43870.5 11496.53
43871.5 12685.82
43872.5 17273.11
43873.5 17386.37
43874.5 15545.80
43875.5 14469.77
43876.5 13705.22
43877.5 12884.04
43878.5 12799.09
43879.5 11779.69
43880.5 10901.88
43881.5 9825.85
43882.5 9146.25
43883.5 8636.55
43884.5 8240.12
43885.5 8211.80
43886.5 13960.07
43887.5 12034.54
43888.5 10618.71
43889.5 9825.85
43890.5 8834.77
43891.5 7985.27
43892.5 9089.62
43893.5 7673.79
43894.5 6909.24
43895.5 7135.77
43896.5 6201.33
43897.5 4502.33
43898.5 3596.20
43899.5 3397.98
43900.5 3171.45
43901.5 3879.37
43902.5 3936.00
43903.5 3341.35
43904.5 3029.87
43905.5 3171.45
43906.5 3228.09
43907.5 7702.10
43908.5 6626.07
43909.5 5181.93
43910.5 5351.83
43911.5 8381.70
43912.5 23134.64
43913.5 17697.86
43914.5 17216.48
43915.5 16112.13
43916.5 14809.57
43917.5 21322.38
43918.5 22908.11
43919.5 21010.90
43920.5 19198.64
43921.5 17641.22
43922.5 19113.69
43923.5 18943.79
43924.5 17471.32
43925.5 16508.56
43926.5 15432.53
43927.5 14498.08
43928.5 18207.56
43929.5 22030.29
43930.5 16650.14
43931.5 13931.75
43932.5 22964.74
43933.5 45306.52
43934.5 49270.84
43935.5 39643.21
43936.5 30865.07
43937.5 30581.90
43938.5 29166.07
43939.5 26504.31
43940.5 25145.12
43941.5 27721.93
43942.5 25796.40
43943.5 25286.70
43944.5 24522.15
43945.5 23247.91
43946.5 25739.77
43947.5 25116.80
43948.5 23134.64
43949.5 20331.30
43950.5 28599.74
43951.5 30865.07
43952.5 29732.40
43953.5 25881.35
43954.5 21803.76
43955.5 17867.76
43956.5 17641.22
43957.5 14611.35
43958.5 19566.75
43959.5 17471.32
43960.5 15659.06
43961.5 15149.36
43962.5 14129.97
43963.5 12742.46
43964.5 12062.86
43965.5 14073.33
43966.5 13365.42
43967.5 12487.61
43968.5 11156.73
43969.5 9146.25
43970.5 7928.64
43971.5 6795.97
43972.5 7362.31
43973.5 7730.42
43974.5 6937.56
43975.5 6767.66
43976.5 6342.91
43977.5 6201.33
43978.5 6795.97
43979.5 6994.19
43980.5 6512.81
43981.5 5804.89
43982.5 5351.83
43983.5 5238.56
43984.5 5181.93
43985.5 5012.03
43986.5 6484.49
43987.5 7645.47
43988.5 6314.59
43989.5 5691.63
43990.5 4842.13
43991.5 5634.99
43992.5 6003.11
43993.5 4898.76
43994.5 4474.01
43995.5 4020.95
43996.5 3624.52
43997.5 3171.45
43998.5 2817.49
43999.5 2709.89
44000.5 2520.17
44001.5 2344.61
44002.5 2211.52
44003.5 2123.74
44004.5 2078.43
44005.5 1979.32
44006.5 2545.66
44007.5 2715.55
44008.5 3143.14
44009.5 2389.91
44010.5 5068.66
44011.5 5861.53
44012.5 3199.77
44013.5 3143.14
44014.5 2944.92
44015.5 2749.53
44016.5 2605.12
44017.5 2455.04
44018.5 2395.58
44019.5 2270.98
44020.5 2217.18
44021.5 3341.35
44022.5 2336.11
44023.5 2106.75
44024.5 4219.17
44025.5 4049.27
44026.5 2630.61
44027.5 2752.37
44028.5 2721.22
44029.5 2103.92
44030.5 1670.67
44031.5 2109.58
44032.5 2293.64
44033.5 2336.11
44034.5 2262.49
44035.5 2265.32
44036.5 2214.35
44037.5 2126.57
44038.5 2333.28
44039.5 2916.60
44040.5 2304.96
44041.5 2137.90
44042.5 1393.17
44043.5 1110.00
44044.5 1044.88
44045.5 1548.91
44046.5 2387.08
44047.5 1866.06
44048.5 1908.53
44049.5 1984.99
44050.5 1962.33
44051.5 1979.32
44052.5 2035.96
44053.5 1970.83
44054.5 1996.31
44055.5 1993.48
44056.5 1911.36
44057.5 2174.71
44058.5 2695.73
44059.5 2409.74
44060.5 2135.07
44061.5 2084.10
44062.5 2030.29
44063.5 2653.26
44064.5 2758.03
44065.5 2571.14
44066.5 2548.49
44067.5 2282.31
44068.5 2200.19
44069.5 2004.81
44070.5 1987.82
44071.5 1905.70
44072.5 1735.80
44073.5 1673.50
44074.5 2132.23
44075.5 2220.01
44076.5 2084.10
44077.5 1803.76
44078.5 1687.66
44079.5 1687.66
44080.5 1650.85
44081.5 1594.22
44082.5 1631.03
44083.5 1673.50
44084.5 1625.37
44085.5 1633.86
44086.5 1633.86
44087.5 1537.59
44088.5 1540.42
44089.5 1574.40
44090.5 1662.18
44091.5 1648.02
44092.5 1582.89
44093.5 1520.60
44094.5 1517.76
44095.5 1551.74
44096.5 1480.95
44097.5 1495.11
44098.5 1563.07
44099.5 1594.22
44100.5 1662.18
44101.5 1659.35
44102.5 2673.08
44103.5 1925.52
44104.5 1738.63
44105.5 1908.53
44106.5 1993.48
44107.5 2741.04
44108.5 2831.65
44109.5 2630.61
44110.5 2370.09
44111.5 2321.95
44112.5 2474.86
44113.5 2389.91
44114.5 2398.41
44115.5 4134.22
44116.5 3313.03
44117.5 2636.27
44118.5 2684.41
44119.5 10562.08
44120.5 3766.10
44121.5 3029.87
44122.5 3114.82
44123.5 2944.92
44124.5 2752.37
44125.5 2636.27
44126.5 2656.09
44127.5 2565.48
44128.5 2551.32
44129.5 2627.77
44130.5 3086.50
44131.5 5125.30
44132.5 7730.42
44133.5 4502.33
44134.5 4417.38
44135.5 6399.54
44136.5 4190.85
44137.5 3652.83
44138.5 3454.62
44139.5 3341.35
44140.5 3228.09
44141.5 3171.45
44142.5 3114.82
44143.5 3086.50
44144.5 3058.19
44145.5 3228.09
44146.5 3313.03
44147.5 3313.03
44148.5 3171.45
44149.5 4275.80
44150.5 3426.30
44151.5 3228.09
44152.5 3114.82
44153.5 3086.50
44154.5 3058.19
44155.5 3001.55
44156.5 9231.20
44157.5 6314.59
44158.5 4134.22
44159.5 4757.18
44160.5 4785.50
44161.5 4162.53
44162.5 5012.03
44163.5 12714.14
44164.5 38227.38
44165.5 18688.94
44166.5 13195.52
44167.5 13988.39
44168.5 26249.46
44169.5 34546.22
44170.5 23247.91
44171.5 19595.07
44172.5 17697.86
44173.5 16565.19
44174.5 15659.06
44175.5 16282.03
44176.5 16933.31
44177.5 15262.63
44178.5 10250.60
44179.5 7787.05
44180.5 8466.65
44181.5 7758.74
44182.5 7418.94
44183.5 7362.31
44184.5 8098.54
44185.5 8183.49
44186.5 7956.95
44187.5 8438.34
44188.5 36245.22
44189.5 36245.22
44190.5 24777.00
44191.5 21747.13
44192.5 20869.31
44193.5 19595.07
44194.5 19878.23
