43829.5 81557.38
43830.5 66470.32
43831.5 56652.97
43832.5 51303.96
43833.5 53393.73
43834.5 51434.21
43835.5 46974.36
43836.5 45360.31
43837.5 42910.92
43838.5 39787.61
43839.5 38383.10
43840.5 41265.73
43841.5 42103.89
43842.5 38946.61
43843.5 36259.36
43844.5 34716.10
43845.5 33490.01
43846.5 30607.37
43847.5 30604.54
43848.5 30361.01
43849.5 28248.60
43850.5 26399.53
43851.5 25762.41
43852.5 25572.69
43853.5 27076.30
43854.5 53523.98
43855.5 58298.15
43856.5 47331.14
43857.5 41520.58
43858.5 36907.81
43859.5 33569.29
43860.5 31391.74
43861.5 31114.23
43862.5 30273.23
43863.5 28628.05
43864.5 28217.45
43865.5 32983.13
43866.5 39671.52
43867.5 44737.36
43868.5 39351.53
43869.5 36794.54
43870.5 42562.63
43871.5 44329.58
43872.5 49486.04
43873.5 58513.37
43874.5 50618.69
43875.5 43397.97
43876.5 40529.49
43877.5 38909.80
43878.5 40263.33
43879.5 39235.44
43880.5 35415.53
43881.5 32433.80
43882.5 30632.86
43883.5 30757.46
43884.5 30230.75
43885.5 31456.86
43886.5 41659.34
43887.5 52699.96
43888.5 43293.19
43889.5 36324.49
43890.5 32878.36
43891.5 31564.47
43892.5 31827.81
43893.5 30460.13
43894.5 28002.24
43895.5 26773.31
43896.5 24391.87
43897.5 24026.60
43898.5 23140.29
43899.5 22163.37
43900.5 21260.07
43901.5 23137.46
43902.5 27928.61
43903.5 26376.88
43904.5 24227.64
43905.5 23097.82
43906.5 22463.53
43907.5 30363.84
43908.5 42701.38
43909.5 38012.15
43910.5 31473.85
43911.5 31966.57
43912.5 76086.63
43913.5 85162.09
43914.5 65524.54
43915.5 52527.23
43916.5 45326.32
43917.5 53994.03
43918.5 73133.21
43919.5 70304.38
43920.5 59725.30
43921.5 52346.01
43922.5 58122.60
43923.5 78550.18
43924.5 77312.74
43925.5 65054.49
43926.5 55036.08
43927.5 49284.99
43928.5 55007.77
43929.5 71788.17
43930.5 65428.27
43931.5 55339.07
43932.5 71329.45
43933.5 130256.24
43934.5 115644.89
43935.5 84502.31
43936.5 68772.45
43937.5 69234.02
43938.5 73566.45
43939.5 70491.27
43940.5 65184.75
43941.5 73954.40
43942.5 67367.95
43943.5 61497.92
43944.5 59606.37
43945.5 55797.80
43946.5 61925.51
43947.5 71912.76
43948.5 68050.38
43949.5 63126.12
43950.5 98145.24
43951.5 115050.24
43952.5 91425.72
43953.5 73674.05
43954.5 62908.10
43955.5 54025.19
43956.5 48022.07
43957.5 45626.49
43958.5 50805.59
43959.5 48959.34
43960.5 45742.57
43961.5 47523.69
43962.5 43213.92
43963.5 38238.69
43964.5 37043.74
43965.5 51323.78
43966.5 50870.72
43967.5 42415.38
43968.5 36420.78
43969.5 32598.02
43970.5 29729.56
43971.5 27206.55
43972.5 26144.67
43973.5 24253.12
43974.5 22814.65
43975.5 21815.07
43976.5 20880.63
43977.5 18884.31
43978.5 21183.61
43979.5 19150.48
43980.5 17086.20
43981.5 16117.77
43982.5 14529.22
43983.5 14186.59
43984.5 13187.01
43985.5 13892.10
43986.5 16890.82
43987.5 21194.93
43988.5 17836.60
43989.5 15038.91
43990.5 13886.43
43991.5 13943.06
43992.5 17352.38
43993.5 14509.40
43994.5 12762.26
43995.5 11003.81
43996.5 10001.39
43997.5 9667.26
43998.5 8831.92
43999.5 8568.58
44000.5 7978.18
44001.5 7413.82
44002.5 7201.45
44003.5 6419.35
44004.5 7110.27
44005.5 7469.89
44006.5 6938.96
44007.5 7399.11
44008.5 16457.57
44009.5 68857.40
44010.5 43338.51
44011.5 43485.76
44012.5 37210.80
44013.5 27042.32
44014.5 21588.53
44015.5 16630.30
44016.5 14316.84
44017.5 12504.59
44018.5 11357.76
44019.5 10646.44
44020.5 9816.50
44021.5 10041.04
44022.5 10275.78
44023.5 9827.81
44024.5 9961.75
44025.5 10533.74
44026.5 8435.49
44027.5 8741.31
44028.5 8339.22
44029.5 7540.69
44030.5 7064.96
44031.5 6365.26
44032.5 5403.92
44033.5 5987.52
44034.5 6294.76
44035.5 5885.58
44036.5 5650.84
44037.5 5294.05
44038.5 5128.10
44039.5 4599.73
44040.5 4744.43
44041.5 4713.83
44042.5 4615.87
44043.5 4428.97
44044.5 4600.30
44045.5 6997.01
44046.5 6476.55
44047.5 6048.69
44048.5 4832.77
44049.5 4223.68
44050.5 4055.77
44051.5 4042.46
44052.5 3938.25
44053.5 3898.88
44054.5 3885.29
44055.5 3560.23
44056.5 3640.64
44057.5 3796.96
44058.5 4270.97
44059.5 4808.14
44060.5 4426.71
44061.5 4377.16
44062.5 4462.95
44063.5 3982.14
44064.5 3932.02
44065.5 7352.10
44066.5 9572.11
44067.5 5693.87
44068.5 5222.97
44069.5 7770.33
44070.5 8308.06
44071.5 6885.72
44072.5 6097.67
44073.5 5013.15
44074.5 5289.23
44075.5 5538.41
44076.5 6253.41
44077.5 5193.81
44078.5 4631.45
44079.5 4494.39
44080.5 4203.29
44081.5 4000.83
44082.5 4321.93
44083.5 4781.24
44084.5 5521.72
44085.5 4626.06
44086.5 4495.52
44087.5 4218.86
44088.5 4117.49
44089.5 4140.72
44090.5 4198.48
44091.5 4055.48
44092.5 3989.21
44093.5 4014.43
44094.5 4032.26
44095.5 3966.28
44096.5 3774.30
44097.5 3704.07
44098.5 3649.13
44099.5 3505.29
44100.5 3326.90
44101.5 2868.44
44102.5 4315.70
44103.5 4132.21
44104.5 4052.36
44105.5 4282.31
44106.5 3819.60
44107.5 3331.43
44108.5 3143.12
44109.5 3222.98
44110.5 3666.70
44111.5 3998.00
44112.5 3944.76
44113.5 3932.87
44114.5 3954.39
44115.5 6249.45
44116.5 14682.13
44117.5 12998.70
44118.5 10120.32
44119.5 26776.14
44120.5 26071.05
44121.5 18626.64
44122.5 16468.61
44123.5 14522.70
44124.5 13150.20
44125.5 12086.90
44126.5 12288.80
44127.5 11730.12
44128.5 10995.02
44129.5 10876.10
44130.5 11739.19
44131.5 17392.03
44132.5 30154.31
44133.5 29692.74
44134.5 26215.47
44135.5 30414.82
44136.5 27376.45
44137.5 23267.70
44138.5 21418.65
44139.5 18654.94
44140.5 17689.35
44141.5 16862.51
44142.5 15871.43
44143.5 15427.14
44144.5 16008.48
44145.5 15718.51
44146.5 16335.82
44147.5 16804.18
44148.5 15528.79
44149.5 19954.68
44150.5 20271.81
44151.5 17737.48
44152.5 16021.50
44153.5 14237.56
44154.5 14052.37
44155.5 12991.06
44156.5 31236.00
44157.5 49106.60
44158.5 34503.73
44159.5 29503.02
44160.5 32062.86
44161.5 28378.86
44162.5 23196.92
44163.5 30525.26
44164.5 99646.02
44165.5 90103.34
44166.5 60011.31
44167.5 47305.66
44168.5 63967.13
44169.5 118589.82
44170.5 102279.46
44171.5 74435.77
44172.5 61701.81
44173.5 54081.82
44174.5 47461.39
44175.5 45640.65
44176.5 48616.71
44177.5 48540.26
44178.5 47486.88
44179.5 42910.93
44180.5 41616.86
44181.5 39260.92
44182.5 36403.76
44183.5 34342.33
44184.5 32844.37
44185.5 33679.72
44186.5 35729.84
44187.5 33894.92
44188.5 99900.87
44189.5 213365.40
44190.5 149539.84
44191.5 100042.45
44192.5 84706.20
44193.5 73934.56
44194.5 70723.47
