2023-05-01,45045,8521,121,3891888000,1682931600,
2023-05-02,45046,8522,122,3891974400,1683018000,
2023-05-03,45047,8523,123,3892060800,1683104400,
2023-05-04,45048,8524,124,3892147200,1683190800,
2023-05-05,45049,8525,125,3892233600,1683277200,
2023-05-06,45050,8526,126,3892320000,1683363600,
2023-05-07,45051,8527,127,3892406400,1683450000,
2023-05-08,45052,8528,128,3892492800,1683536400,
2023-05-09,45053,8529,129,3892579200,1683622800,
2023-05-10,45054,8530,130,3892665600,1683709200,
2023-05-11,45055,8531,131,3892752000,1683795600,
2023-05-12,45056,8532,132,3892838400,1683882000,
2023-05-13,45057,8533,133,3892924800,1683968400,
2023-05-14,45058,8534,134,3893011200,1684054800,
2023-05-15,45059,8535,135,3893097600,1684141200,
2023-05-16,45060,8536,136,3893184000,1684227600,
2023-05-17,45061,8537,137,3893270400,1684314000,
2023-05-18,45062,8538,138,3893356800,1684400400,
2023-05-19,45063,8539,139,3893443200,1684486800,
2023-05-20,45064,8540,140,3893529600,1684573200,
2023-05-21,45065,8541,141,3893616000,1684659600,
2023-05-22,45066,8542,142,3893702400,1684746000,
2023-05-23,45067,8543,143,3893788800,1684832400,
2023-05-24,45068,8544,144,3893875200,1684918800,
2023-05-25,45069,8545,145,3893961600,1685005200,
2023-05-26,45070,8546,146,3894048000,1685091600,
2023-05-27,45071,8547,147,3894134400,1685178000,
2023-05-28,45072,8548,148,3894220800,1685264400,
2023-05-29,45073,8549,149,3894307200,1685350800,
2023-05-30,45074,8550,150,3894393600,1685437200,
2023-05-31,45075,8551,151,3894480000,1685523600,
2023-06-01,45076,8552,152,3894566400,1685610000,
2023-06-02,45077,8553,153,3894652800,1685696400,
2023-06-03,45078,8554,154,3894739200,1685782800,
2023-06-04,45079,8555,155,3894825600,1685869200,
2023-06-05,45080,8556,156,3894912000,1685955600,
2023-06-06,45081,8557,157,3894998400,1686042000,
2023-06-07,45082,8558,158,3895084800,1686128400,
2023-06-08,45083,8559,159,3895171200,1686214800,
2023-06-09,45084,8560,160,3895257600,1686301200,
2023-06-10,45085,8561,161,3895344000,1686387600,
2023-06-11,45086,8562,162,3895430400,1686474000,
2023-06-12,45087,8563,163,3895516800,1686560400,
2023-06-13,45088,8564,164,3895603200,1686646800,
2023-06-14,45089,8565,165,3895689600,1686733200,
2023-06-15,45090,8566,166,3895776000,1686819600,
2023-06-16,45091,8567,167,3895862400,1686906000,
2023-06-17,45092,8568,168,3895948800,1686992400,
2023-06-18,45093,8569,169,3896035200,1687078800,
2023-06-19,45094,8570,170,3896121600,1687165200,
2023-06-20,45095,8571,171,3896208000,1687251600,
2023-06-21,45096,8572,172,3896294400,1687338000,
2023-06-22,45097,8573,173,3896380800,1687424400,
2023-06-23,45098,8574,174,3896467200,1687510800,
2023-06-24,45099,8575,175,3896553600,1687597200,
2023-06-25,45100,8576,176,3896640000,1687683600,
2023-06-26,45101,8577,177,3896726400,1687770000,
2023-06-27,45102,8578,178,3896812800,1687856400,
2023-06-28,45103,8579,179,3896899200,1687942800,
2023-06-29,45104,8580,180,3896985600,1688029200,
2023-06-30,45105,8581,181,3897072000,1688115600,
