43829.5 82967.57
43830.5 67676.62
43831.5 54367.83
43832.5 47571.85
43833.5 47855.01
43834.5 45306.52
43835.5 41059.04
43836.5 37944.21
43837.5 33696.72
43838.5 30015.57
43839.5 29166.07
43840.5 33696.72
43841.5 35395.72
43842.5 32280.90
43843.5 30015.57
43844.5 28882.91
43845.5 28882.91
43846.5 22738.21
43847.5 22653.26
43848.5 24635.42
43849.5 19595.07
43850.5 20161.40
43851.5 20076.45
43852.5 21067.53
43853.5 24805.32
43854.5 74755.76
43855.5 61446.97
43856.5 58048.98
43857.5 46156.02
43858.5 32280.90
43859.5 27608.66
43860.5 27410.44
43861.5 27382.13
43862.5 26730.85
43863.5 24833.64
43864.5 23531.07
43865.5 26022.93
43866.5 33130.39
43867.5 43324.36
43868.5 33696.72
43869.5 30865.07
43870.5 38227.38
43871.5 44457.02
43872.5 53518.33
43873.5 65128.13
43874.5 49270.84
43875.5 43324.36
43876.5 38227.38
43877.5 34546.22
43878.5 35395.72
43879.5 33696.72
43880.5 29732.40
43881.5 27268.86
43882.5 26221.15
43883.5 25343.33
43884.5 25966.30
43885.5 26617.58
43886.5 43324.36
43887.5 48704.51
43888.5 39926.37
43889.5 34263.06
43890.5 31431.40
43891.5 30015.57
43892.5 31148.23
43893.5 29166.07
43894.5 25853.03
43895.5 24210.67
43896.5 22738.21
43897.5 21747.13
43898.5 20841.00
43899.5 20756.05
43900.5 19255.27
43901.5 24210.67
43902.5 33413.56
43903.5 29166.07
43904.5 25088.48
43905.5 22908.11
43906.5 23049.69
43907.5 32847.23
43908.5 46722.35
43909.5 36528.38
43910.5 31148.23
43911.5 33696.72
43912.5 94011.04
43913.5 78436.92
43914.5 54650.99
43915.5 47288.68
43916.5 39360.04
43917.5 53235.16
43918.5 65128.13
43919.5 52385.67
43920.5 45023.36
43921.5 39076.87
43922.5 38510.54
43923.5 39926.37
43924.5 36811.55
43925.5 33413.56
43926.5 30298.73
43927.5 28882.91
43928.5 36811.55
43929.5 55217.32
43930.5 46722.35
43931.5 37094.71
43932.5 67393.45
43933.5 171598.47
43934.5 120345.46
43935.5 78436.92
43936.5 59747.98
43937.5 62296.47
43938.5 69375.61
43939.5 59181.65
43940.5 50403.51
43941.5 65977.62
43942.5 58898.48
43943.5 50969.84
43944.5 50120.34
43945.5 45589.69
43946.5 46156.02
43947.5 44740.19
43948.5 41625.37
43949.5 42191.70
43950.5 82967.57
43951.5 88347.72
43952.5 68809.28
43953.5 56916.32
43954.5 48421.35
43955.5 42474.86
43956.5 40775.87
43957.5 38227.38
43958.5 45589.69
43959.5 43041.20
43960.5 40775.87
43961.5 40492.70
43962.5 36811.55
43963.5 32280.90
43964.5 32280.90
43965.5 45872.85
43966.5 47288.68
43967.5 39360.04
43968.5 32564.06
43969.5 27806.88
43970.5 23389.49
43971.5 21973.66
43972.5 22058.61
43973.5 22426.73
43974.5 20982.58
43975.5 20218.03
43976.5 18235.87
43977.5 14922.83
43978.5 16282.03
43979.5 17159.84
43980.5 15319.26
43981.5 13252.15
43982.5 12714.14
43983.5 12204.44
43984.5 12317.71
43985.5 11609.79
43986.5 14809.57
43987.5 15347.58
43988.5 13676.90
43989.5 12346.02
43990.5 10703.66
43991.5 9655.95
43992.5 13280.47
43993.5 13393.74
43994.5 11128.41
43995.5 10477.13
43996.5 9854.16
43997.5 8806.45
43998.5 9259.52
43999.5 8721.50
44000.5 8296.75
44001.5 8126.85
44002.5 7050.82
44003.5 8325.07
44004.5 6767.66
44005.5 6909.24
44006.5 5861.53
44007.5 5748.26
44008.5 5748.26
44009.5 5804.89
44010.5 13875.12
44011.5 14866.20
44012.5 18972.10
44013.5 17726.17
44014.5 18094.29
44015.5 13535.32
44016.5 10901.88
44017.5 8523.29
44018.5 8523.29
44019.5 6824.29
44020.5 6767.66
44021.5 6541.12
44022.5 6257.96
44023.5 4927.08
44024.5 9372.78
44025.5 11269.99
44026.5 9429.42
44027.5 8240.12
44028.5 7333.99
44029.5 6399.54
44030.5 5380.15
44031.5 5153.61
44032.5 4502.33
44033.5 4190.85
44034.5 5210.25
44035.5 4785.50
44036.5 4275.80
44037.5 3851.05
44038.5 3567.88
44039.5 3596.20
44040.5 3341.35
44041.5 3256.40
44042.5 3029.87
44043.5 2944.92
44044.5 2270.98
44045.5 2367.26
44046.5 5238.56
44047.5 3652.83
44048.5 3511.25
44049.5 2825.99
44050.5 2888.29
44051.5 2607.95
44052.5 2364.43
44053.5 2814.66
44054.5 2511.68
44055.5 2514.51
44056.5 2446.55
44057.5 2313.46
44058.5 2675.91
44059.5 2859.97
44060.5 2644.76
44061.5 2602.29
44062.5 2460.71
44063.5 2347.44
44064.5 2418.23
44065.5 2588.13
44066.5 2324.79
44067.5 2135.07
44068.5 2695.73
44069.5 2149.22
44070.5 2149.22
44071.5 2361.60
44072.5 2333.28
44073.5 2064.27
44074.5 2316.29
44075.5 2367.26
44076.5 2018.97
44077.5 2016.14
44078.5 1939.68
44079.5 1877.38
44080.5 1078.86
44081.5 894.80
44082.5 1682.00
44083.5 2186.03
44084.5 1438.48
44085.5 1531.92
44086.5 1571.57
44087.5 1495.11
44088.5 2050.12
44089.5 1296.89
44090.5 1710.32
44091.5 1724.47
44092.5 1636.69
44093.5 1653.68
44094.5 1073.19
44095.5 1735.80
44096.5 1897.21
44097.5 1336.54
44098.5 1701.82
44099.5 1778.28
44100.5 1398.83
44101.5 1939.68
44102.5 1676.34
44103.5 2154.89
44104.5 1551.74
44105.5 1959.50
44106.5 2239.84
44107.5 2064.27
44108.5 1897.21
44109.5 1226.10
44110.5 1885.88
44111.5 1693.33
44112.5 1783.94
44113.5 1070.36
44114.5 1871.72
44115.5 2432.39
44116.5 5634.99
44117.5 7305.67
44118.5 4870.45
44119.5 7787.05
44120.5 10109.01
44121.5 7079.14
44122.5 6144.69
44123.5 5295.20
44124.5 4643.91
44125.5 4700.55
44126.5 4785.50
44127.5 4162.53
44128.5 4020.95
44129.5 3681.15
44130.5 4105.90
44131.5 5946.48
44132.5 16197.08
44133.5 17216.48
44134.5 13422.05
44135.5 15545.80
44136.5 16282.03
44137.5 11977.91
44138.5 10165.65
44139.5 8608.24
44140.5 7730.42
44141.5 8381.70
44142.5 8183.49
44143.5 7532.21
44144.5 6541.12
44145.5 6144.69
44146.5 6711.02
44147.5 6626.07
44148.5 7305.67
44149.5 9061.30
44150.5 9372.78
44151.5 8438.34
44152.5 7277.36
44153.5 6824.29
44154.5 7022.51
44155.5 7532.21
44156.5 15630.75
44157.5 28118.36
44158.5 22794.84
44159.5 19934.87
44160.5 26419.36
44161.5 21888.71
44162.5 17527.96
44163.5 24777.00
44164.5 84949.73
44165.5 69375.61
44166.5 49554.01
44167.5 32564.06
44168.5 48987.68
44169.5 99108.02
44170.5 71640.94
44171.5 61163.81
44172.5 49270.84
44173.5 35962.05
44174.5 31714.56
44175.5 27155.59
44176.5 32564.06
44177.5 31148.23
44178.5 32280.90
44179.5 28061.73
44180.5 24861.95
44181.5 25541.55
44182.5 23814.24
44183.5 23361.17
44184.5 22964.74
44185.5 22143.56
44186.5 21747.13
44187.5 20897.63
44188.5 125725.61
44189.5 200764.54
44190.5 133937.42
44191.5 117796.97
44192.5 109868.32
44193.5 91462.55
44194.5 64278.63
