43829.5 38510.54
43830.5 36528.38
43831.5 32564.06
43832.5 28882.91
43833.5 27608.66
43834.5 26759.16
43835.5 24777.00
43836.5 22964.74
43837.5 21407.33
43838.5 19708.33
43839.5 19028.74
43840.5 19028.74
43841.5 18858.84
43842.5 17952.71
43843.5 17216.48
43844.5 16565.19
43845.5 15659.06
43846.5 13931.75
43847.5 13337.10
43848.5 13053.94
43849.5 12204.44
43850.5 11779.69
43851.5 11468.21
43852.5 11326.63
43853.5 11892.96
43854.5 21463.96
43855.5 24380.57
43856.5 21888.71
43857.5 20189.72
43858.5 18462.40
43859.5 16876.68
43860.5 15942.23
43861.5 15517.48
43862.5 15092.73
43863.5 14526.40
43864.5 14243.23
43865.5 15489.16
43866.5 19396.85
43867.5 21067.53
43868.5 18972.10
43869.5 17358.06
43870.5 17103.21
43871.5 18207.56
43872.5 20133.08
43873.5 24861.95
43874.5 22001.98
43875.5 18802.20
43876.5 17103.21
43877.5 15828.96
43878.5 15659.06
43879.5 15064.42
43880.5 13648.59
43881.5 12714.14
43882.5 12232.76
43883.5 11864.64
43884.5 11638.11
43885.5 11468.21
43886.5 14554.72
43887.5 19425.17
43888.5 17726.17
43889.5 16055.50
43890.5 14299.87
43891.5 13365.42
43892.5 13223.84
43893.5 12685.82
43894.5 11609.79
43895.5 11241.68
43896.5 11185.04
43897.5 10675.35
43898.5 9967.43
43899.5 9457.73
43900.5 8778.13
43901.5 8693.18
43902.5 9401.10
43903.5 8891.40
43904.5 8240.12
43905.5 7872.00
43906.5 7900.32
43907.5 8778.13
43908.5 12572.56
43909.5 12034.54
43910.5 10788.61
43911.5 9995.75
43912.5 23814.24
43913.5 31148.23
43914.5 27920.14
43915.5 23361.17
43916.5 18943.79
43917.5 17924.39
43918.5 23106.32
43919.5 24635.42
43920.5 22398.41
43921.5 19736.65
43922.5 22964.74
43923.5 40209.54
43924.5 47571.85
43925.5 45872.85
43926.5 39360.04
43927.5 31997.73
43928.5 26929.06
43929.5 28090.04
43930.5 27183.91
43931.5 23814.24
43932.5 22823.16
43933.5 31997.73
43934.5 35395.72
43935.5 33130.39
43936.5 29166.07
43937.5 27636.98
43938.5 29732.40
43939.5 28231.62
43940.5 25201.75
43941.5 24238.99
43942.5 21860.39
43943.5 19963.18
43944.5 20218.03
43945.5 19085.37
43946.5 22624.94
43947.5 30015.57
43948.5 32564.06
43949.5 29732.40
43950.5 29449.24
43951.5 34263.06
43952.5 33696.72
43953.5 30015.57
43954.5 25428.28
43955.5 21152.48
43956.5 18462.40
43957.5 16621.83
43958.5 17216.48
43959.5 17301.42
43960.5 15659.06
43961.5 15064.42
43962.5 13761.85
43963.5 12346.02
43964.5 11553.16
43965.5 13875.12
43966.5 14724.62
43967.5 13450.37
43968.5 12232.76
43969.5 10845.24
43970.5 9854.16
43971.5 9287.83
43972.5 8466.65
43973.5 7985.27
43974.5 7503.89
43975.5 7164.09
43976.5 6880.92
43977.5 6795.97
43978.5 6909.24
43979.5 6994.19
43980.5 6880.92
43981.5 6965.87
43982.5 6937.56
43983.5 6654.39
43984.5 6427.86
43985.5 6229.64
43986.5 7532.21
43987.5 9769.21
43988.5 8438.34
43989.5 7447.26
43990.5 6880.92
43991.5 7730.42
43992.5 17074.89
43993.5 15489.16
43994.5 11581.48
43995.5 8579.92
43996.5 7192.41
43997.5 6371.23
43998.5 5748.26
43999.5 5323.51
44000.5 4927.08
44001.5 4587.28
44002.5 5068.66
44003.5 4558.96
44004.5 3964.32
44005.5 3624.52
44006.5 3624.52
44007.5 4077.58
44008.5 4247.48
44009.5 9740.90
44010.5 9882.48
44011.5 8466.65
44012.5 12685.82
44013.5 10562.08
44014.5 8155.17
44015.5 6909.24
44016.5 7390.62
44017.5 6626.07
44018.5 5493.41
44019.5 4870.45
44020.5 4304.12
44021.5 3624.52
44022.5 3086.50
44023.5 2772.19
44024.5 2658.92
44025.5 2508.84
44026.5 2285.14
44027.5 2228.51
44028.5 2350.27
44029.5 2214.35
44030.5 2069.94
44031.5 1965.17
44032.5 1877.38
44033.5 1803.76
44034.5 1897.21
44035.5 1834.91
44036.5 1732.97
44037.5 1639.52
44038.5 1599.88
44039.5 1656.51
44040.5 1546.08
44041.5 1480.95
44042.5 1435.65
44043.5 1455.47
44044.5 1469.63
44045.5 1401.67
44046.5 1446.97
44047.5 1393.17
44048.5 1282.74
44049.5 1282.74
44050.5 1268.58
44051.5 1257.25
44052.5 1192.12
44053.5 1126.99
44054.5 1138.32
44055.5 1107.17
44056.5 1081.69
44057.5 1126.99
44058.5 1251.59
44059.5 1551.74
44060.5 1616.87
44061.5 1265.75
44062.5 1180.80
44063.5 1214.78
44064.5 2443.72
44065.5 2548.49
44066.5 1863.23
44067.5 1514.93
44068.5 1404.50
44069.5 1696.16
44070.5 1509.27
44071.5 1883.05
44072.5 1497.94
44073.5 1347.86
44074.5 1330.87
44075.5 1735.80
44076.5 1636.69
44077.5 1520.60
44078.5 1396.00
44079.5 1336.54
44080.5 1248.76
44081.5 1192.12
44082.5 1186.46
44083.5 1401.67
44084.5 1342.20
44085.5 1141.15
44086.5 1104.34
44087.5 1067.53
44088.5 1064.70
44089.5 1093.01
44090.5 1101.51
44091.5 1056.20
44092.5 1027.89
44093.5 999.57
44094.5 988.24
44095.5 974.09
44096.5 988.24
44097.5 951.43
44098.5 945.77
44099.5 945.77
44100.5 965.59
44101.5 1189.29
44102.5 1328.04
44103.5 1582.89
44104.5 1203.45
44105.5 1112.84
44106.5 1050.54
44107.5 1073.19
44108.5 1104.34
44109.5 1064.70
44110.5 1025.06
44111.5 1022.22
44112.5 1115.67
44113.5 1141.15
44114.5 1076.03
44115.5 1523.43
44116.5 3681.15
44117.5 2030.29
44118.5 1806.59
44119.5 5295.20
44120.5 6342.91
44121.5 3964.32
44122.5 3341.35
44123.5 3001.55
44124.5 2661.75
44125.5 2406.90
44126.5 2237.00
44127.5 2081.26
44128.5 1939.68
44129.5 1815.09
44130.5 1789.60
44131.5 2398.41
44132.5 7985.27
44133.5 9939.11
44134.5 8494.97
44135.5 11439.89
44136.5 10250.60
44137.5 8268.44
44138.5 6739.34
44139.5 5776.58
44140.5 4955.40
44141.5 4219.17
44142.5 3822.73
44143.5 3652.83
44144.5 3567.88
44145.5 3766.10
44146.5 3737.78
44147.5 3851.05
44148.5 3709.47
44149.5 4813.81
44150.5 5351.83
44151.5 4672.23
44152.5 4219.17
44153.5 3907.68
44154.5 3511.25
44155.5 3228.09
44156.5 4558.96
44157.5 10731.98
44158.5 8438.34
44159.5 8240.12
44160.5 11383.26
44161.5 10137.33
44162.5 8693.18
44163.5 7928.64
44164.5 18377.46
44165.5 20133.08
44166.5 16366.98
44167.5 13790.17
44168.5 17584.59
44169.5 36811.55
44170.5 40492.70
44171.5 36245.22
44172.5 29732.40
44173.5 23729.29
44174.5 19481.80
44175.5 17188.16
44176.5 18773.89
44177.5 17981.02
44178.5 16763.41
44179.5 15007.78
44180.5 13591.95
44181.5 13252.15
44182.5 13053.94
44183.5 12515.92
44184.5 11836.33
44185.5 11468.21
44186.5 11241.68
44187.5 11241.68
44188.5 21407.33
44189.5 37377.88
44190.5 39643.21
44191.5 35112.55
44192.5 29449.24
44193.5 24238.99
44194.5 20529.52
