43829
43829
43829
43829
43829
43829
43829
43829
43829
43829
43829
43829
43829
43829
43829
43829
43829
43829
43829
43829
43829
43829
43829
43829
43830
43830
43830
43830
43830
43830
43830
43830
43830
43830
43830
43830
43830
43830
43830
43830
43830
43830
43830
43830
43830
43830
43830
43830
43831
43831
43831
43831
43831
43831
43831
43831
43831
43831
43831
43831
43831
43831
43831
43831
43831
43831
43831
43831
43831
43831
43831
43831
43832
43832
43832
43832
43832
43832
43832
43832
43832
43832
43832
43832
43832
43832
43832
43832
43832
43832
43832
43832
43832
43832
43832
43832
43833
43833
43833
43833
43833
43833
43833
43833
43833
43833
43833
43833
43833
43833
43833
43833
43833
43833
43833
43833
43833
43833
43833
43833
43834
43834
43834
43834
43834
43834
43834
43834
43834
43834
43834
43834
43834
43834
43834
43834
43834
43834
43834
43834
43834
43834
43835
43835
43835
43835
43835
43835
43835
43835
43835
43835
43835
43835
43835
43835
43835
43835
43835
43835
43835
43835
43835
43835
43835
43835
43836
43836
43836
43836
43836
43836
43836
43836
43836
43836
43836
43836
43836
43836
43836
43836
43836
43836
43836
43836
43836
43836
43836
43836
43837
43837
43837
43837
43837
43837
43837
43837
43837
43837
43837
43837
43837
43837
43837
43837
43837
43837
43837
43837
43837
43837
43837
43837
43838
43838
43838
43838
43838
43838
43838
43838
43838
43838
43838
43838
43838
43838
43838
43838
43838
43838
43838
43838
43838
43838
43838
43838
43839
43839
43839
43839
43839
43839
43839
43839
43839
43839
43839
43839
43839
43839
43839
43839
43839
43839
43839
43839
43839
43839
43839
43839
43840
43840
43840
43840
43840
43840
43840
43840
43840
43840
43840
43840
43840
43840
43840
43840
43840
43840
43840
43840
43840
43840
43840
43840
43841
43841
43841
43841
43841
43841
43841
43841
43841
43841
43841
43841
43841
43841
43841
43841
43841
43841
43841
43841
43841
43841
43841
43841
43842
43842
43842
43842
43842
43842
43842
43842
43842
43842
43842
43842
43842
43842
43842
43842
43842
43842
43842
43842
43842
43842
43842
43842
43843
43843
43843
43843
43843
43843
43843
43843
43843
43843
43843
43843
43843
43843
43843
43843
43843
43843
43843
43843
43843
43843
43843
43843
43844
43844
43844
43844
43844
43844
43844
43844
43844
43844
43844
43844
43844
43844
43844
43844
43844
43844
43844
43844
43844
43844
43844
43844
43845
43845
43845
43845
43845
43845
43845
43845
43845
43845
43845
43845
43845
43845
43845
43845
43845
43845
43845
43845
43845
43845
43845
43845
43846
43846
43846
43846
43846
43846
43846
43846
43846
43846
43846
43846
43846
43846
43846
43846
43846
43846
43846
43846
43846
43846
43846
43846
43847
43847
43847
43847
43847
43847
43847
43847
43847
43847
43847
43847
43847
43847
43847
43847
43847
43847
43847
43847
43847
43847
43847
43847
43848
43848
43848
43848
43848
43848
43848
43848
43848
43848
43848
43848
43848
43848
43848
43848
43848
43848
43848
43848
43848
43848
43848
43848
43849
43849
43849
43849
43849
43849
43849
43849
43849
43849
43849
43849
43849
43849
43849
43849
43849
43849
43849
43849
43849
43849
43849
43849
43850
43850
43850
43850
43850
43850
43850
43850
43850
43850
43850
43850
43850
43850
43850
43850
43850
43850
43850
43850
43850
43850
43850
43850
43851
43851
43851
43851
43851
43851
43851
43851
43851
43851
43851
43851
43851
43851
43851
43851
43851
43851
43851
43851
43851
43851
43851
43851
43852
43852
43852
43852
43852
43852
43852
43852
43852
43852
43852
43852
43852
43852
43852
43852
43852
43852
43852
43852
43852
43852
43852
43852
43853
43853
43853
43853
43853
43853
43853
43853
43853
43853
43853
43853
43853
43853
43853
43853
43853
43853
43853
43853
43853
43853
43853
43853
43854
43854
43854
43854
43854
43854
43854
43854
43854
43854
43854
43854
43854
43854
43854
43854
43854
43854
43854
43854
43854
43854
43854
43854
43855
43855
43855
43855
43855
43855
43855
43855
43855
43855
43855
43855
43855
43855
43855
43855
43855
43855
43855
43855
43855
43855
43855
43855
43856
43856
43856
43856
43856
43856
43856
43856
43856
43856
43856
43856
43856
43856
43856
43856
43856
43856
43856
43856
43856
43856
43856
43856
43857
43857
43857
43857
43857
43857
43857
43857
43857
43857
43857
43857
43857
43857
43857
43857
43857
43857
43857
43857
43857
43857
43857
43857
43858
43858
43858
43858
43858
43858
43858
43858
43858
43858
43858
43858
43858
43858
43858
43858
43858
43858
43858
43858
43858
43858
43858
43858
43859
43859
43859
43859
43859
43859
43859
43859
43859
43859
43859
43859
43859
43859
43859
43859
43859
43859
43859
43859
43859
43859
43859
43859
43860
43860
43860
43860
43860
43860
43860
43860
43860
43860
43860
43860
43860
43860
43860
43860
43860
43860
43860
43860
43860
43860
43860
43860
43861
43861
43861
43861
43861
43861
43861
43861
43861
43861
43861
43861
43861
43861
43861
43861
43861
43861
43861
43861
43861
43861
43861
43861
43862
43862
43862
43862
43862
43862
43862
43862
43862
43862
43862
43862
43862
43862
43862
43862
43862
43862
43862
43862
43862
43862
43863
43863
43863
43863
43863
43863
43863
43863
43863
43863
43863
43863
43863
43863
43863
43863
43863
43863
43863
43863
43863
43863
43863
43863
43864
43864
43864
43864
43864
43864
43864
43864
43864
43864
43864
43864
43864
43864
43864
43864
43864
43864
43864
43864
43864
43864
43864
43864
43865
43865
43865
43865
43865
43865
43865
43865
43865
43865
43865
43865
43865
43865
43865
43865
43865
43865
43865
43865
43865
43865
43865
43865
43866
43866
43866
43866
43866
43866
43866
43866
43866
43866
43866
43866
43866
43866
43866
43866
43866
43866
43866
43866
43866
43866
43866
43866
43867
43867
43867
43867
43867
43867
43867
43867
43867
43867
43867
43867
43867
43867
43867
43867
43867
43867
43867
43867
43867
43867
43867
43867
43868
43868
43868
43868
43868
43868
43868
43868
43868
43868
43868
43868
43868
43868
43868
43868
43868
43868
43868
43868
43868
43868
43868
43868
43869
43869
43869
43869
43869
43869
43869
43869
43869
43869
43869
43869
43869
43869
43869
43869
43869
43869
43869
43869
43869
43869
43869
43869
43870
43870
43870
43870
43870
43870
43870
43870
43870
43870
43870
43870
43870
43870
43870
43870
43870
43870
43870
43870
43870
43870
43870
43870
43871
43871
43871
43871
43871
43871
43871
43871
43871
43871
43871
43871
43871
43871
43871
43871
43871
43871
43871
43871
43871
43871
43871
43871
43872
43872
43872
43872
43872
43872
43872
43872
43872
43872
43872
43872
43872
43872
43872
43872
43872
43872
43872
43872
43872
43872
43872
43872
43873
43873
43873
43873
43873
43873
43873
43873
43873
43873
43873
43873
43873
43873
43873
43873
43873
43873
43873
43873
43873
43873
43873
43873
43874
43874
43874
43874
43874
43874
43874
43874
43874
43874
43874
43874
43874
43874
43874
43874
43874
43874
43874
43874
43874
43874
43874
43874
43875
43875
43875
43875
43875
43875
43875
43875
43875
43875
43875
43875
43875
43875
43875
43875
43875
43875
43875
43875
43875
43875
43875
43875
43876
43876
43876
43876
43876
43876
43876
43876
43876
43876
43876
43876
43876
43876
43876
43876
43876
43876
43876
43876
43876
43876
43876
43876
43877
43877
43877
43877
43877
43877
43877
43877
43877
43877
43877
43877
43877
43877
43877
43877
43877
43877
43877
43877
43877
43877
43877
43877
43878
43878
43878
43878
43878
43878
43878
43878
43878
43878
43878
43878
43878
43878
43878
43878
43878
43878
43878
43878
43878
43878
43878
43878
43879
43879
43879
43879
43879
43879
43879
43879
43879
43879
43879
43879
43879
43879
43879
43879
43879
43879
43879
43879
43879
43879
43879
43879
43880
43880
43880
43880
43880
43880
43880
43880
43880
43880
43880
43880
43880
43880
43880
43880
43880
43880
43880
43880
43880
43880
43880
43880
43881
43881
43881
43881
43881
43881
43881
43881
43881
43881
43881
43881
43881
43881
43881
43881
43881
43881
43881
43881
43881
43881
43881
43881
43882
43882
43882
43882
43882
43882
43882
43882
43882
43882
43882
43882
43882
43882
43882
43882
43882
43882
43882
43882
43882
43882
43882
43882
43883
43883
43883
43883
43883
43883
43883
43883
43883
43883
43883
43883
43883
43883
43883
43883
43883
43883
43883
43883
43883
43883
43883
43883
43884
43884
43884
43884
43884
43884
43884
43884
43884
43884
43884
43884
43884
43884
43884
43884
43884
43884
43884
43884
43884
43884
43884
43884
43885
43885
43885
43885
43885
43885
43885
43885
43885
43885
43885
43885
43885
43885
43885
43885
43885
43885
43885
43885
43885
43885
43885
43885
43886
43886
43886
43886
43886
43886
43886
43886
43886
43886
43886
43886
43886
43886
43886
43886
43886
43886
43886
43886
43886
43886
43886
43886
43887
43887
43887
43887
43887
43887
43887
43887
43887
43887
43887
43887
43887
43887
43887
43887
43887
43887
43887
43887
43887
43887
43887
43887
43888
43888
43888
43888
43888
43888
43888
43888
43888
43888
43888
43888
43888
43888
43888
43888
43888
43888
43888
43888
43888
43888
43888
43888
43889
43889
43889
43889
43889
43889
43889
43889
43889
43889
43889
43889
43889
43889
43889
43889
43889
43889
43889
43889
43889
43889
43889
43889
43890
43890
43890
43890
43890
43890
43890
43890
43890
43890
43890
43890
43890
43890
43890
43890
43890
43890
43890
43890
43890
43890
43891
43891
43891
43891
43891
43891
43891
43891
43891
43891
43891
43891
43891
43891
43891
43891
43891
43891
43891
43891
43891
43891
43891
43891
43892
43892
43892
43892
43892
43892
43892
43892
43892
43892
43892
43892
43892
43892
43892
43892
43892
43892
43892
43892
43892
43892
43892
43892
43893
43893
43893
43893
43893
43893
43893
43893
43893
43893
43893
43893
43893
43893
43893
43893
43893
43893
43893
43893
43893
43893
43893
43894
43894
43894
43894
43894
43894
43894
43894
43894
43894
43894
43894
43894
43894
43894
43894
43894
43894
43894
43894
43894
43894
43894
43894
43895
43895
43895
43895
43895
43895
43895
43895
43895
43895
43895
43895
43895
43895
43895
43895
43895
43895
43895
43895
43895
43895
43895
43895
43896
43896
43896
43896
43896
43896
43896
43896
43896
43896
43896
43896
43896
43896
43896
43896
43896
43896
43896
43896
43896
43896
43896
43897
43897
43897
43897
43897
43897
43897
43897
43897
43897
43897
43897
43897
43897
43897
43897
43897
43897
43897
43897
43897
43897
43897
43897
43898
43898
43898
43898
43898
43898
43898
43898
43898
43898
43898
43898
43898
43898
43898
43898
43898
43898
43898
43898
43898
43898
43898
43898
43899
43899
43899
43899
43899
43899
43899
43899
43899
43899
43899
43899
43899
43899
43899
43899
43899
43899
43899
43899
43899
43899
43899
43899
43900
43900
43900
43900
43900
43900
43900
43900
43900
43900
43900
43900
43900
43900
43900
43900
43900
43900
43900
43900
43900
43900
43900
43900
43901
43901
43901
43901
43901
43901
43901
43901
43901
43901
43901
43901
43901
43901
43901
43901
43901
43901
43901
43901
43901
43901
43901
43901
43902
43902
43902
43902
43902
43902
43902
43902
43902
43902
43902
43902
43902
43902
43902
43902
43902
43902
43902
43902
43902
43902
43902
43902
43903
43903
43903
43903
43903
43903
43903
43903
43903
43903
43903
43903
43903
43903
43903
43903
43903
43903
43903
43903
43903
43903
43903
43903
43904
43904
43904
43904
43904
43904
43904
43904
43904
43904
43904
43904
43904
43904
43904
43904
43904
43904
43904
43904
43904
43904
43904
43904
43905
43905
43905
43905
43905
43905
43905
43905
43905
43905
43905
43905
43905
43905
43905
43905
43905
43905
43905
43905
43905
43905
43905
43905
43906
43906
43906
43906
43906
43906
43906
43906
43906
43906
43906
43906
43906
43906
43906
43906
43906
43906
43906
43906
43906
43906
43906
43906
43907
43907
43907
43907
43907
43907
43907
43907
43907
43907
43907
43907
43907
43907
43907
43907
43907
43907
43907
43907
43907
43907
43907
43907
43908
43908
43908
43908
43908
43908
43908
43908
43908
43908
43908
43908
43908
43908
43908
43908
43908
43908
43908
43908
43908
43908
43908
43908
43909
43909
43909
43909
43909
43909
43909
43909
43909
43909
43909
43909
43909
43909
43909
43909
43909
43909
43909
43909
43909
43909
43909
43909
43910
43910
43910
43910
43910
43910
43910
43910
43910
43910
43910
43910
43910
43910
43910
43910
43910
43910
43910
43910
43910
43910
43910
43910
43911
43911
43911
43911
43911
43911
43911
43911
43911
43911
43911
43911
43911
43911
43911
43911
43911
43911
43911
43911
43911
43911
43911
43911
43912
43912
43912
43912
43912
43912
43912
43912
43912
43912
43912
43912
43912
43912
43912
43912
43912
43912
43912
43912
43912
43912
43912
43912
43913
43913
43913
43913
43913
43913
43913
43913
43913
43913
43913
43913
43913
43913
43913
43913
43913
43913
43913
43913
43913
43913
43913
43913
43914
43914
43914
43914
43914
43914
43914
43914
43914
43914
43914
43914
43914
43914
43914
43914
43914
43914
43914
43914
43914
43914
43914
43914
43915
43915
43915
43915
43915
43915
43915
43915
43915
43915
43915
43915
43915
43915
43915
43915
43915
43915
43915
43915
43915
43915
43915
43915
43916
43916
43916
43916
43916
43916
43916
43916
43916
43916
43916
43916
43916
43916
43916
43916
43916
43916
43916
43916
43916
43916
43916
43916
43917
43917
43917
43917
43917
43917
43917
43917
43917
43917
43917
43917
43917
43917
43917
43917
43917
43917
43917
43917
43917
43917
43917
43917
43918
43918
43918
43918
43918
43918
43918
43918
43918
43918
43918
43918
43918
43918
43918
43918
43918
43918
43918
43918
43918
43918
43918
43918
43919
43919
43919
43919
43919
43919
43919
43919
43919
43919
43919
43919
43919
43919
43919
43919
43919
43919
43919
43919
43919
43919
43919
43919
43920
43920
43920
43920
43920
43920
43920
43920
43920
43920
43920
43920
43920
43920
43920
43920
43920
43920
43920
43920
43920
43920
43920
43920
43921
43921
43921
43921
43921
43921
43921
43921
43921
43921
43921
43921
43921
43921
43921
43921
43921
43921
43921
43921
43921
43921
43921
43921
43922
43922
43922
43922
43922
43922
43922
43922
43922
43922
43922
43922
43922
43922
43922
43922
43922
43922
43922
43922
43922
43922
43922
43922
43923
43923
43923
43923
43923
43923
43923
43923
43923
43923
43923
43923
43923
43923
43923
43923
43923
43923
43923
43923
43923
43923
43923
43923
43924
43924
43924
43924
43924
43924
43924
43924
43924
43924
43924
43924
43924
43924
43924
43924
43924
43924
43924
43924
43924
43924
43924
43924
43925
43925
43925
43925
43925
43925
43925
43925
43925
43925
43925
43925
43925
43925
43925
43925
43925
43925
43925
43925
43925
43925
43925
43925
43926
43926
43926
43926
43926
43926
43926
43926
43926
43926
43926
43926
43926
43926
43926
43926
43926
43926
43926
43926
43926
43926
43926
43926
43927
43927
43927
43927
43927
43927
43927
43927
43927
43927
43927
43927
43927
43927
43927
43927
43927
43927
43927
43927
43927
43927
43927
43927
43928
43928
43928
43928
43928
43928
43928
43928
43928
43928
43928
43928
43928
43928
43928
43928
43928
43928
43928
43928
43928
43928
43928
43928
43929
43929
43929
43929
43929
43929
43929
43929
43929
43929
43929
43929
43929
43929
43929
43929
43929
43929
43929
43929
43929
43929
43929
43929
43930
43930
43930
43930
43930
43930
43930
43930
43930
43930
43930
43930
43930
43930
43930
43930
43930
43930
43930
43930
43930
43930
43930
43930
43931
43931
43931
43931
43931
43931
43931
43931
43931
43931
43931
43931
43931
43931
43931
43931
43931
43931
43931
43931
43931
43931
43931
43931
43932
43932
43932
43932
43932
43932
43932
43932
43932
43932
43932
43932
43932
43932
43932
43932
43932
43932
43932
43932
43932
43932
43932
43932
43933
43933
43933
43933
43933
43933
43933
43933
43933
43933
43933
43933
43933
43933
43933
43933
43933
43933
43933
43933
43933
43933
43933
43933
43934
43934
43934
43934
43934
43934
43934
43934
43934
43934
43934
43934
43934
43934
43934
43934
43934
43934
43934
43934
43934
43934
43934
43934
43935
43935
43935
43935
43935
43935
43935
43935
43935
43935
43935
43935
43935
43935
43935
43935
43935
43935
43935
43935
43935
43935
43935
43935
43936
43936
43936
43936
43936
43936
43936
43936
43936
43936
43936
43936
43936
43936
43936
43936
43936
43936
43936
43936
43936
43936
43936
43936
43937
43937
43937
43937
43937
43937
43937
43937
43937
43937
43937
43937
43937
43937
43937
43937
43937
43937
43937
43937
43937
43937
43937
43937
43938
43938
43938
43938
43938
43938
43938
43938
43938
43938
43938
43938
43938
43938
43938
43938
43938
43938
43938
43938
43938
43938
43938
43938
43939
43939
43939
43939
43939
43939
43939
43939
43939
43939
43939
43939
43939
43939
43939
43939
43939
43939
43939
43939
43939
43939
43939
43939
43940
43940
43940
43940
43940
43940
43940
43940
43940
43940
43940
43940
43940
43940
43940
43940
43940
43940
43940
43940
43940
43940
43940
43941
43941
43941
43941
43941
43941
43941
43941
43941
43941
43941
43941
43941
43941
43941
43941
43941
43941
43941
43941
43941
43941
43941
43941
43942
43942
43942
43942
43942
43942
43942
43942
43942
43942
43942
43942
43942
43942
43942
43942
43942
43942
43942
43942
43942
43942
43942
43942
43943
43943
43943
43943
43943
43943
43943
43943
43943
43943
43943
43943
43943
43943
43943
43943
43943
43943
43943
43943
43943
43943
43943
43943
43944
43944
43944
43944
43944
43944
43944
43944
43944
43944
43944
43944
43944
43944
43944
43944
43944
43944
43944
43944
43944
43944
43944
43944
43945
43945
43945
43945
43945
43945
43945
43945
43945
43945
43945
43945
43945
43945
43945
43945
43945
43945
43945
43945
43945
43945
43945
43945
43946
43946
43946
43946
43946
43946
43946
43946
43946
43946
43946
43946
43946
43946
43946
43946
43946
43946
43946
43946
43946
43946
43946
43946
43947
43947
43947
43947
43947
43947
43947
43947
43947
43947
43947
43947
43947
43947
43947
43947
43947
43947
43947
43947
43947
43947
43947
43947
43948
43948
43948
43948
43948
43948
43948
43948
43948
43948
43948
43948
43948
43948
43948
43948
43948
43948
43948
43948
43948
43948
43948
43948
43949
43949
43949
43949
43949
43949
43949
43949
43949
43949
43949
43949
43949
43949
43949
43949
43949
43949
43949
43949
43949
43949
43949
43949
43950
43950
43950
43950
43950
43950
43950
43950
43950
43950
43950
43950
43950
43950
43950
43950
43950
43950
43950
43950
43950
43950
43950
43950
43951
43951
43951
43951
43951
43951
43951
43951
43951
43951
43951
43951
43951
43951
43951
43951
43951
43951
43951
43951
43951
43951
43951
43951
43952
43952
43952
43952
43952
43952
43952
43952
43952
43952
43952
43952
43952
43952
43952
43952
43952
43952
43952
43952
43952
43952
43952
43952
43953
43953
43953
43953
43953
43953
43953
43953
43953
43953
43953
43953
43953
43953
43953
43953
43953
43953
43953
43953
43953
43953
43953
43953
43954
43954
43954
43954
43954
43954
43954
43954
43954
43954
43954
43954
43954
43954
43954
43954
43954
43954
43954
43954
43954
43954
43954
43954
43955
43955
43955
43955
43955
43955
43955
43955
43955
43955
43955
43955
43955
43955
43955
43955
43955
43955
43955
43955
43955
43955
43955
43955
43956
43956
43956
43956
43956
43956
43956
43956
43956
43956
43956
43956
43956
43956
43956
43956
43956
43956
43956
43956
43956
43956
43956
43956
43957
43957
43957
43957
43957
43957
43957
43957
43957
43957
43957
43957
43957
43957
43957
43957
43957
43957
43957
43957
43957
43957
43957
43957
43958
43958
43958
43958
43958
43958
43958
43958
43958
43958
43958
43958
43958
43958
43958
43958
43958
43958
43958
43958
43958
43958
43958
43958
43959
43959
43959
43959
43959
43959
43959
43959
43959
43959
43959
43959
43959
43959
43959
43959
43959
43959
43959
43959
43959
43959
43959
43959
43960
43960
43960
43960
43960
43960
43960
43960
43960
43960
43960
43960
43960
43960
43960
43960
43960
43960
43960
43960
43960
43960
43960
43960
43961
43961
43961
43961
43961
43961
43961
43961
43961
43961
43961
43961
43961
43961
43961
43961
43961
43961
43961
43961
43961
43961
43961
43961
43962
43962
43962
43962
43962
43962
43962
43962
43962
43962
43962
43962
43962
43962
43962
43962
43962
43962
43962
43962
43962
43962
43962
43962
43963
43963
43963
43963
43963
43963
43963
43963
43963
43963
43963
43963
43963
43963
43963
43963
43963
43963
43963
43963
43963
43963
43963
43963
43964
43964
43964
43964
43964
43964
43964
43964
43964
43964
43964
43964
43964
43964
43964
43964
43964
43964
43964
43964
43964
43964
43964
43964
43965
43965
43965
43965
43965
43965
43965
43965
43965
43965
43965
43965
43965
43965
43965
43965
43965
43965
43965
43965
43965
43965
43965
43965
43966
43966
43966
43966
43966
43966
43966
43966
43966
43966
43966
43966
43966
43966
43966
43966
43966
43966
43966
43966
43966
43966
43966
43966
43967
43967
43967
43967
43967
43967
43967
43967
43967
43967
43967
43967
43967
43967
43967
43967
43967
43967
43967
43967
43967
43967
43967
43967
43968
43968
43968
43968
43968
43968
43968
43968
43968
43968
43968
43968
43968
43968
43968
43968
43968
43968
43968
43968
43968
43968
43968
43968
43969
43969
43969
43969
43969
43969
43969
43969
43969
43969
43969
43969
43969
43969
43969
43969
43969
43969
43969
43969
43969
43969
43969
43969
43970
43970
43970
43970
43970
43970
43970
43970
43970
43970
43970
43970
43970
43970
43970
43970
43970
43970
43970
43970
43970
43970
43970
43970
43971
43971
43971
43971
43971
43971
43971
43971
43971
43971
43971
43971
43971
43971
43971
43971
43971
43971
43971
43971
43971
43971
43971
43971
43972
43972
43972
43972
43972
43972
43972
43972
43972
43972
43972
43972
43972
43972
43972
43972
43972
43972
43972
43972
43972
43972
43972
43972
43973
43973
43973
43973
43973
43973
43973
43973
43973
43973
43973
43973
43973
43973
43973
43973
43973
43973
43973
43973
43973
43973
43973
43973
43974
43974
43974
43974
43974
43974
43974
43974
43974
43974
43974
43974
43974
43974
43974
43974
43974
43974
43974
43974
43974
43974
43974
43974
43975
43975
43975
43975
43975
43975
43975
43975
43975
43975
43975
43975
43975
43975
43975
43975
43975
43975
43975
43975
43975
43975
43975
43975
43976
43976
43976
43976
43976
43976
43976
43976
43976
43976
43976
43976
43976
43976
43976
43976
43976
43976
43976
43976
43976
43976
43976
43976
43977
43977
43977
43977
43977
43977
43977
43977
43977
43977
43977
43977
43977
43977
43977
43977
43977
43977
43977
43977
43977
43977
43977
43977
43978
43978
43978
43978
43978
43978
43978
43978
43978
43978
43978
43978
43978
43978
43978
43978
43978
43978
43978
43978
43978
43978
43978
43978
43979
43979
43979
43979
43979
43979
43979
43979
43979
43979
43979
43979
43979
43979
43979
43979
43979
43979
43979
43979
43979
43979
43979
43979
43980
43980
43980
43980
43980
43980
43980
43980
43980
43980
43980
43980
43980
43980
43980
43980
43980
43980
43980
43980
43980
43980
43980
43980
43981
43981
43981
43981
43981
43981
43981
43981
43981
43981
43981
43981
43981
43981
43981
43981
43981
43981
43981
43981
43981
43981
43981
43982
43982
43982
43982
43982
43982
43982
43982
43982
43982
43982
43982
43982
43982
43982
43982
43982
43982
43982
43982
43982
43982
43982
43982
43983
43983
43983
43983
43983
43983
43983
43983
43983
43983
43983
43983
43983
43983
43983
43983
43983
43983
43983
43983
43983
43983
43983
43983
43984
43984
43984
43984
43984
43984
43984
43984
43984
43984
43984
43984
43984
43984
43984
43984
43984
43984
43984
43984
43984
43984
43984
43984
43985
43985
43985
43985
43985
43985
43985
43985
43985
43985
43985
43985
43985
43985
43985
43985
43985
43985
43985
43985
43985
43985
43985
43985
43986
43986
43986
43986
43986
43986
43986
43986
43986
43986
43986
43986
43986
43986
43986
43986
43986
43986
43986
43986
43986
43986
43986
43986
43987
43987
43987
43987
43987
43987
43987
43987
43987
43987
43987
43987
43987
43987
43987
43987
43987
43987
43987
43987
43987
43987
43987
43987
43988
43988
43988
43988
43988
43988
43988
43988
43988
43988
43988
43988
43988
43988
43988
43988
43988
43988
43988
43988
43988
43988
43988
43988
43989
43989
43989
43989
43989
43989
43989
43989
43989
43989
43989
43989
43989
43989
43989
43989
43989
43989
43989
43989
43989
43989
43989
43989
43990
43990
43990
43990
43990
43990
43990
43990
43990
43990
43990
43990
43990
43990
43990
43990
43990
43990
43990
43990
43990
43990
43990
43990
43991
43991
43991
43991
43991
43991
43991
43991
43991
43991
43991
43991
43991
43991
43991
43991
43991
43991
43991
43991
43991
43991
43991
43991
43992
43992
43992
43992
43992
43992
43992
43992
43992
43992
43992
43992
43992
43992
43992
43992
43992
43992
43992
43992
43992
43992
43992
43992
43993
43993
43993
43993
43993
43993
43993
43993
43993
43993
43993
43993
43993
43993
43993
43993
43993
43993
43993
43993
43993
43993
43993
43993
43994
43994
43994
43994
43994
43994
43994
43994
43994
43994
43994
43994
43994
43994
43994
43994
43994
43994
43994
43994
43994
43994
43994
43994
43995
43995
43995
43995
43995
43995
43995
43995
43995
43995
43995
43995
43995
43995
43995
43995
43995
43995
43995
43995
43995
43995
43995
43995
43996
43996
43996
43996
43996
43996
43996
43996
43996
43996
43996
43996
43996
43996
43996
43996
43996
43996
43996
43996
43996
43996
43996
43996
43997
43997
43997
43997
43997
43997
43997
43997
43997
43997
43997
43997
43997
43997
43997
43997
43997
43997
43997
43997
43997
43997
43997
43997
43998
43998
43998
43998
43998
43998
43998
43998
43998
43998
43998
43998
43998
43998
43998
43998
43998
43998
43998
43998
43998
43998
43998
43998
43999
43999
43999
43999
43999
43999
43999
43999
43999
43999
43999
43999
43999
43999
43999
43999
43999
43999
43999
43999
43999
43999
43999
43999
44000
44000
44000
44000
44000
44000
44000
44000
44000
44000
44000
44000
44000
44000
44000
44000
44000
44000
44000
44000
44000
44000
44000
44001
44001
44001
44001
44001
44001
44001
44001
44001
44001
44001
44001
44001
44001
44001
44001
44001
44001
44001
44001
44001
44001
44001
44001
44002
44002
44002
44002
44002
44002
44002
44002
44002
44002
44002
44002
44002
44002
44002
44002
44002
44002
44002
44002
44002
44002
44002
44002
44003
44003
44003
44003
44003
44003
44003
44003
44003
44003
44003
44003
44003
44003
44003
44003
44003
44003
44003
44003
44003
44003
44003
44003
44004
44004
44004
44004
44004
44004
44004
44004
44004
44004
44004
44004
44004
44004
44004
44004
44004
44004
44004
44004
44004
44004
44004
44004
44005
44005
44005
44005
44005
44005
44005
44005
44005
44005
44005
44005
44005
44005
44005
44005
44005
44005
44005
44005
44005
44005
44005
44005
44006
44006
44006
44006
44006
44006
44006
44006
44006
44006
44006
44006
44006
44006
44006
44006
44006
44006
44006
44006
44006
44006
44006
44006
44007
44007
44007
44007
44007
44007
44007
44007
44007
44007
44007
44007
44007
44007
44007
44007
44007
44007
44007
44007
44007
44007
44007
44007
44008
44008
44008
44008
44008
44008
44008
44008
44008
44008
44008
44008
44008
44008
44008
44008
44008
44008
44008
44008
44008
44008
44008
44008
44009
44009
44009
44009
44009
44009
44009
44009
44009
44009
44009
44009
44009
44009
44009
44009
44009
44009
44009
44009
44009
44009
44009
44009
44010
44010
44010
44010
44010
44010
44010
44010
44010
44010
44010
44010
44010
44010
44010
44010
44010
44010
44010
44010
44010
44010
44010
44010
44011
44011
44011
44011
44011
44011
44011
44011
44011
44011
44011
44011
44011
44011
44011
44011
44011
44011
44011
44011
44011
44011
44011
44011
44012
44012
44012
44012
44012
44012
44012
44012
44012
44012
44012
44012
44012
44012
44012
44012
44012
44012
44012
44012
44012
44012
44012
44012
44013
44013
44013
44013
44013
44013
44013
44013
44013
44013
44013
44013
44013
44013
44013
44013
44013
44013
44013
44013
44013
44013
44013
44013
44014
44014
44014
44014
44014
44014
44014
44014
44014
44014
44014
44014
44014
44014
44014
44014
44014
44014
44014
44014
44014
44014
44014
44014
44015
44015
44015
44015
44015
44015
44015
44015
44015
44015
44015
44015
44015
44015
44015
44015
44015
44015
44015
44015
44015
44015
44015
44015
44016
44016
44016
44016
44016
44016
44016
44016
44016
44016
44016
44016
44016
44016
44016
44016
44016
44016
44016
44016
44016
44016
44017
44017
44017
44017
44017
44017
44017
44017
44017
44017
44017
44017
44017
44017
44017
44017
44017
44017
44017
44017
44017
44017
44017
44017
44018
44018
44018
44018
44018
44018
44018
44018
44018
44018
44018
44018
44018
44018
44018
44018
44018
44018
44018
44018
44018
44018
44018
44018
44019
44019
44019
44019
44019
44019
44019
44019
44019
44019
44019
44019
44019
44019
44019
44019
44019
44019
44019
44019
44019
44019
44019
44019
44020
44020
44020
44020
44020
44020
44020
44020
44020
44020
44020
44020
44020
44020
44020
44020
44020
44020
44020
44020
44020
44020
44020
44020
44021
44021
44021
44021
44021
44021
44021
44021
44021
44021
44021
44021
44021
44021
44021
44021
44021
44021
44021
44021
44021
44021
44021
44021
44022
44022
44022
44022
44022
44022
44022
44022
44022
44022
44022
44022
44022
44022
44022
44022
44022
44022
44022
44022
44022
44022
44022
44022
44023
44023
44023
44023
44023
44023
44023
44023
44023
44023
44023
44023
44023
44023
44023
44023
44023
44023
44023
44023
44023
44023
44023
44023
44024
44024
44024
44024
44024
44024
44024
44024
44024
44024
44024
44024
44024
44024
44024
44024
44024
44024
44024
44024
44024
44024
44024
44024
44025
44025
44025
44025
44025
44025
44025
44025
44025
44025
44025
44025
44025
44025
44025
44025
44025
44025
44025
44025
44025
44025
44025
44025
44026
44026
44026
44026
44026
44026
44026
44026
44026
44026
44026
44026
44026
44026
44026
44026
44026
44026
44026
44026
44026
44026
44026
44026
44027
44027
44027
44027
44027
44027
44027
44027
44027
44027
44027
44027
44027
44027
44027
44027
44027
44027
44027
44027
44027
44027
44027
44027
44028
44028
44028
44028
44028
44028
44028
44028
44028
44028
44028
44028
44028
44028
44028
44028
44028
44028
44028
44028
44028
44028
44028
44028
44029
44029
44029
44029
44029
44029
44029
44029
44029
44029
44029
44029
44029
44029
44029
44029
44029
44029
44029
44029
44029
44029
44029
44029
44030
44030
44030
44030
44030
44030
44030
44030
44030
44030
44030
44030
44030
44030
44030
44030
44030
44030
44030
44030
44030
44030
44030
44030
44031
44031
44031
44031
44031
44031
44031
44031
44031
44031
44031
44031
44031
44031
44031
44031
44031
44031
44031
44031
44031
44031
44031
44031
44032
44032
44032
44032
44032
44032
44032
44032
44032
44032
44032
44032
44032
44032
44032
44032
44032
44032
44032
44032
44032
44032
44032
44032
44033
44033
44033
44033
44033
44033
44033
44033
44033
44033
44033
44033
44033
44033
44033
44033
44033
44033
44033
44033
44033
44033
44033
44033
44034
44034
44034
44034
44034
44034
44034
44034
44034
44034
44034
44034
44034
44034
44034
44034
44034
44034
44034
44034
44034
44034
44034
44034
44035
44035
44035
44035
44035
44035
44035
44035
44035
44035
44035
44035
44035
44035
44035
44035
44035
44035
44035
44035
44035
44035
44035
44035
44036
44036
44036
44036
44036
44036
44036
44036
44036
44036
44036
44036
44036
44036
44036
44036
44036
44036
44036
44036
44036
44036
44036
44036
44037
44037
44037
44037
44037
44037
44037
44037
44037
44037
44037
44037
44037
44037
44037
44037
44037
44037
44037
44037
44037
44037
44037
44037
44038
44038
44038
44038
44038
44038
44038
44038
44038
44038
44038
44038
44038
44038
44038
44038
44038
44038
44038
44038
44038
44038
44038
44038
44039
44039
44039
44039
44039
44039
44039
44039
44039
44039
44039
44039
44039
44039
44039
44039
44039
44039
44039
44039
44039
44039
44039
44039
44040
44040
44040
44040
44040
44040
44040
44040
44040
44040
44040
44040
44040
44040
44040
44040
44040
44040
44040
44040
44040
44040
44040
44040
44041
44041
44041
44041
44041
44041
44041
44041
44041
44041
44041
44041
44041
44041
44041
44041
44041
44041
44041
44041
44041
44041
44041
44041
44042
44042
44042
44042
44042
44042
44042
44042
44042
44042
44042
44042
44042
44042
44042
44042
44042
44042
44042
44042
44042
44042
44042
44042
44043
44043
44043
44043
44043
44043
44043
44043
44043
44043
44043
44043
44043
44043
44043
44043
44043
44043
44043
44043
44043
44043
44043
44043
44044
44044
44044
44044
44044
44044
44044
44044
44044
44044
44044
44044
44044
44044
44044
44044
44044
44044
44044
44044
44044
44044
44045
44045
44045
44045
44045
44045
44045
44045
44045
44045
44045
44045
44045
44045
44045
44045
44045
44045
44045
44045
44045
44045
44045
44045
44046
44046
44046
44046
44046
44046
44046
44046
44046
44046
44046
44046
44046
44046
44046
44046
44046
44046
44046
44046
44046
44046
44046
44046
44047
44047
44047
44047
44047
44047
44047
44047
44047
44047
44047
44047
44047
44047
44047
44047
44047
44047
44047
44047
44047
44047
44047
44047
44048
44048
44048
44048
44048
44048
44048
44048
44048
44048
44048
44048
44048
44048
44048
44048
44048
44048
44048
44048
44048
44048
44048
44048
44049
44049
44049
44049
44049
44049
44049
44049
44049
44049
44049
44049
44049
44049
44049
44049
44049
44049
44049
44049
44049
44049
44049
44049
44050
44050
44050
44050
44050
44050
44050
44050
44050
44050
44050
44050
44050
44050
44050
44050
44050
44050
44050
44050
44050
44050
44050
44050
44051
44051
44051
44051
44051
44051
44051
44051
44051
44051
44051
44051
44051
44051
44051
44051
44051
44051
44051
44051
44051
44051
44051
44051
44052
44052
44052
44052
44052
44052
44052
44052
44052
44052
44052
44052
44052
44052
44052
44052
44052
44052
44052
44052
44052
44052
44052
44052
44053
44053
44053
44053
44053
44053
44053
44053
44053
44053
44053
44053
44053
44053
44053
44053
44053
44053
44053
44053
44053
44053
44053
44053
44054
44054
44054
44054
44054
44054
44054
44054
44054
44054
44054
44054
44054
44054
44054
44054
44054
44054
44054
44054
44054
44054
44054
44054
44055
44055
44055
44055
44055
44055
44055
44055
44055
44055
44055
44055
44055
44055
44055
44055
44055
44055
44055
44055
44055
44055
44055
44055
44056
44056
44056
44056
44056
44056
44056
44056
44056
44056
44056
44056
44056
44056
44056
44056
44056
44056
44056
44056
44056
44056
44056
44056
44057
44057
44057
44057
44057
44057
44057
44057
44057
44057
44057
44057
44057
44057
44057
44057
44057
44057
44057
44057
44057
44057
44057
44057
44058
44058
44058
44058
44058
44058
44058
44058
44058
44058
44058
44058
44058
44058
44058
44058
44058
44058
44058
44058
44058
44058
44058
44058
44059
44059
44059
44059
44059
44059
44059
44059
44059
44059
44059
44059
44059
44059
44059
44059
44059
44059
44059
44059
44059
44059
44059
44059
44060
44060
44060
44060
44060
44060
44060
44060
44060
44060
44060
44060
44060
44060
44060
44060
44060
44060
44060
44060
44060
44060
44060
44060
44061
44061
44061
44061
44061
44061
44061
44061
44061
44061
44061
44061
44061
44061
44061
44061
44061
44061
44061
44061
44061
44061
44061
44061
44062
44062
44062
44062
44062
44062
44062
44062
44062
44062
44062
44062
44062
44062
44062
44062
44062
44062
44062
44062
44062
44062
44062
44062
44063
44063
44063
44063
44063
44063
44063
44063
44063
44063
44063
44063
44063
44063
44063
44063
44063
44063
44063
44063
44063
44063
44063
44063
44064
44064
44064
44064
44064
44064
44064
44064
44064
44064
44064
44064
44064
44064
44064
44064
44064
44064
44064
44064
44064
44064
44064
44064
44065
44065
44065
44065
44065
44065
44065
44065
44065
44065
44065
44065
44065
44065
44065
44065
44065
44065
44065
44065
44065
44065
44065
44065
44066
44066
44066
44066
44066
44066
44066
44066
44066
44066
44066
44066
44066
44066
44066
44066
44066
44066
44066
44066
44066
44066
44066
44066
44067
44067
44067
44067
44067
44067
44067
44067
44067
44067
44067
44067
44067
44067
44067
44067
44067
44067
44067
44067
44067
44067
44067
44067
44068
44068
44068
44068
44068
44068
44068
44068
44068
44068
44068
44068
44068
44068
44068
44068
44068
44068
44068
44068
44068
44068
44068
44068
44069
44069
44069
44069
44069
44069
44069
44069
44069
44069
44069
44069
44069
44069
44069
44069
44069
44069
44069
44069
44069
44069
44069
44069
44070
44070
44070
44070
44070
44070
44070
44070
44070
44070
44070
44070
44070
44070
44070
44070
44070
44070
44070
44070
44070
44070
44070
44070
44071
44071
44071
44071
44071
44071
44071
44071
44071
44071
44071
44071
44071
44071
44071
44071
44071
44071
44071
44071
44071
44071
44071
44071
44072
44072
44072
44072
44072
44072
44072
44072
44072
44072
44072
44072
44072
44072
44072
44072
44072
44072
44072
44072
44072
44072
44072
44072
44073
44073
44073
44073
44073
44073
44073
44073
44073
44073
44073
44073
44073
44073
44073
44073
44073
44073
44073
44073
44073
44073
44073
44073
44074
44074
44074
44074
44074
44074
44074
44074
44074
44074
44074
44074
44074
44074
44074
44074
44074
44074
44074
44074
44074
44074
44074
44074
44075
44075
44075
44075
44075
44075
44075
44075
44075
44075
44075
44075
44075
44075
44075
44075
44075
44075
44075
44075
44075
44075
44075
44075
44076
44076
44076
44076
44076
44076
44076
44076
44076
44076
44076
44076
44076
44076
44076
44076
44076
44076
44076
44076
44076
44076
44076
44076
44077
44077
44077
44077
44077
44077
44077
44077
44077
44077
44077
44077
44077
44077
44077
44077
44077
44077
44077
44077
44077
44077
44077
44077
44078
44078
44078
44078
44078
44078
44078
44078
44078
44078
44078
44078
44078
44078
44078
44078
44078
44078
44078
44078
44078
44078
44078
44078
44079
44079
44079
44079
44079
44079
44079
44079
44079
44079
44079
44079
44079
44079
44079
44079
44079
44079
44079
44079
44079
44079
44079
44079
44080
44080
44080
44080
44080
44080
44080
44080
44080
44080
44080
44080
44080
44080
44080
44080
44080
44080
44080
44080
44080
44080
44081
44081
44081
44081
44081
44081
44081
44081
44081
44081
44081
44081
44081
44081
44081
44081
44081
44081
44081
44081
44081
44081
44081
44081
44082
44082
44082
44082
44082
44082
44082
44082
44082
44082
44082
44082
44082
44082
44082
44082
44082
44082
44082
44082
44082
44082
44082
44082
44083
44083
44083
44083
44083
44083
44083
44083
44083
44083
44083
44083
44083
44083
44083
44083
44083
44083
44083
44083
44083
44083
44083
44083
44084
44084
44084
44084
44084
44084
44084
44084
44084
44084
44084
44084
44084
44084
44084
44084
44084
44084
44084
44084
44084
44084
44084
44084
44085
44085
44085
44085
44085
44085
44085
44085
44085
44085
44085
44085
44085
44085
44085
44085
44085
44085
44085
44085
44085
44085
44085
44085
44086
44086
44086
44086
44086
44086
44086
44086
44086
44086
44086
44086
44086
44086
44086
44086
44086
44086
44086
44086
44086
44086
44086
44086
44087
44087
44087
44087
44087
44087
44087
44087
44087
44087
44087
44087
44087
44087
44087
44087
44087
44087
44087
44087
44087
44087
44087
44087
44088
44088
44088
44088
44088
44088
44088
44088
44088
44088
44088
44088
44088
44088
44088
44088
44088
44088
44088
44088
44088
44088
44088
44088
44089
44089
44089
44089
44089
44089
44089
44089
44089
44089
44089
44089
44089
44089
44089
44089
44089
44089
44089
44089
44089
44089
44089
44089
44090
44090
44090
44090
44090
44090
44090
44090
44090
44090
44090
44090
44090
44090
44090
44090
44090
44090
44090
44090
44090
44090
44090
44090
44091
44091
44091
44091
44091
44091
44091
44091
44091
44091
44091
44091
44091
44091
44091
44091
44091
44091
44091
44091
44091
44091
44091
44091
44092
44092
44092
44092
44092
44092
44092
44092
44092
44092
44092
44092
44092
44092
44092
44092
44092
44092
44092
44092
44092
44092
44092
44092
44093
44093
44093
44093
44093
44093
44093
44093
44093
44093
44093
44093
44093
44093
44093
44093
44093
44093
44093
44093
44093
44093
44093
44093
44094
44094
44094
44094
44094
44094
44094
44094
44094
44094
44094
44094
44094
44094
44094
44094
44094
44094
44094
44094
44094
44094
44094
44094
44095
44095
44095
44095
44095
44095
44095
44095
44095
44095
44095
44095
44095
44095
44095
44095
44095
44095
44095
44095
44095
44095
44095
44095
44096
44096
44096
44096
44096
44096
44096
44096
44096
44096
44096
44096
44096
44096
44096
44096
44096
44096
44096
44096
44096
44096
44096
44096
44097
44097
44097
44097
44097
44097
44097
44097
44097
44097
44097
44097
44097
44097
44097
44097
44097
44097
44097
44097
44097
44097
44097
44097
44098
44098
44098
44098
44098
44098
44098
44098
44098
44098
44098
44098
44098
44098
44098
44098
44098
44098
44098
44098
44098
44098
44098
44098
44099
44099
44099
44099
44099
44099
44099
44099
44099
44099
44099
44099
44099
44099
44099
44099
44099
44099
44099
44099
44099
44099
44099
44099
44100
44100
44100
44100
44100
44100
44100
44100
44100
44100
44100
44100
44100
44100
44100
44100
44100
44100
44100
44100
44100
44100
44100
44100
44101
44101
44101
44101
44101
44101
44101
44101
44101
44101
44101
44101
44101
44101
44101
44101
44101
44101
44101
44101
44101
44101
44101
44101
44102
44102
44102
44102
44102
44102
44102
44102
44102
44102
44102
44102
44102
44102
44102
44102
44102
44102
44102
44102
44102
44102
44102
44102
44103
44103
44103
44103
44103
44103
44103
44103
44103
44103
44103
44103
44103
44103
44103
44103
44103
44103
44103
44103
44103
44103
44103
44103
44104
44104
44104
44104
44104
44104
44104
44104
44104
44104
44104
44104
44104
44104
44104
44104
44104
44104
44104
44104
44104
44104
44104
44104
44105
44105
44105
44105
44105
44105
44105
44105
44105
44105
44105
44105
44105
44105
44105
44105
44105
44105
44105
44105
44105
44105
44105
44105
44106
44106
44106
44106
44106
44106
44106
44106
44106
44106
44106
44106
44106
44106
44106
44106
44106
44106
44106
44106
44106
44106
44106
44106
44107
44107
44107
44107
44107
44107
44107
44107
44107
44107
